1117 1088 1574 1820 0 0.999968 
679 1089 1131 1823 0 0.999954 
1924 283 2370 1101 0 0.999932 
310 278 753 1099 0 0.999927 
1094 263 1580 1104 0 0.999924 
258 1087 693 1819 0 0.999906 
1458 1816 1888 2551 0 0.999905 
743 274 1110 1104 0 0.9999 
1996 1087 2370 1815 0 0.999888 
1040 1815 1474 2550 0 0.999885 
1875 1815 2370 2552 0 0.99988 
701 1816 1053 2549 0 0.99988 
258 1813 714 2549 0 0.999805 
1569 278 1938 1103 0 0.999795 
1560 1088 2009 1820 0 0.998302 
257 2541 571 3328 0 0.995953 
557 2549 1026 3332 0 0.99498 
1959 2545 2373 3328 0 0.994974 
1015 2545 1496 3331 0 0.994955 
1483 2554 1974 3337 0 0.987846 
