1117 1092 1575 1823 0 0.999969 
678 1092 1131 1826 0 0.999954 
1924 278 2368 1107 0 0.999931 
299 274 751 1104 0 0.99993 
1094 270 1581 1107 0 0.999918 
255 1090 692 1823 0 0.999916 
1458 1818 1887 2551 0 0.999911 
1874 1816 2367 2554 0 0.999898 
742 272 1111 1107 0 0.999887 
1038 1817 1474 2551 0 0.999879 
1998 1091 2368 1817 0 0.999877 
700 1818 1051 2550 0 0.999876 
254 1814 713 2549 0 0.999826 
1568 275 1939 1107 0 0.999797 
1561 1092 2009 1821 0 0.99902 
254 2540 568 3325 0 0.997135 
556 2548 1025 3330 0 0.996384 
1958 2545 2371 3331 0 0.99527 
1014 2545 1493 3332 0 0.994663 
1480 2553 1973 3338 0 0.984427 
