383 1479 572 1765 0 0.998276 
617 258 768 542 0 0.997744 
387 1013 547 1236 0 0.997693 
369 548 543 778 0 0.997475 
550 552 728 780 0 0.99729 
550 1013 716 1236 0 0.997278 
866 1011 1037 1233 0 0.997276 
733 1479 889 1762 0 0.996935 
170 776 344 1010 0 0.996013 
710 1012 863 1237 0 0.99586 
732 551 902 777 0 0.995859 
889 251 1038 543 0 0.995753 
768 255 891 542 0 0.995735 
488 260 614 541 0 0.994952 
635 777 783 1008 0 0.994722 
184 1475 379 1765 0 0.994187 
894 1479 1032 1756 0 0.99402 
576 1477 729 1768 0 0.99364 
339 780 494 1010 0 0.993414 
490 779 635 1010 0 0.993144 
754 1235 901 1474 0 0.99307 
599 1240 753 1471 0 0.992862 
776 779 928 1006 0 0.992465 
178 537 371 783 0 0.991677 
289 274 479 542 0 0.989331 
905 1234 1041 1473 0 0.988603 
465 1239 596 1473 0 0.986484 
909 555 1037 777 0 0.980204 
329 1239 461 1475 0 0.971854 
182 1236 328 1477 0 0.963863 
207 1011 383 1243 0 0.95595 
934 782 1035 1000 0 0.950432 
